4307.14
44
2
-48 4
-47 -25
-29 -1 -1388
2
-47 -10
-44 19
9.66667 -1 444.333
3
-43 -44
-43 -36
-43 -7
1 0 43
2
-42 -11
-41 -42
-31 -1 -1313
3
-40 39
-39 -38
-39 -34
-75 -1 -2961
2
-37 7
-36 -27
-34 -1 -1251
3
-35 -33
-35 3
-35 45
1 0 35
2
-34 -34
-34 32
1 0 34
2
-32 33
-31 16
-17 -1 -511
2
-26 23
-24 -43
-33 -1 -835
2
-23 15
-20 3
-4 -1 -77
2
-19 -29
-19 -12
1 0 19
2
-18 5
-18 43
1 0 18
3
-17 23
-16 36
-16 47
18.5 -1 337.5
2
-15 -45
-14 -14
31 -1 420
2
-12 -31
-12 41
1 0 12
3
-11 -12
-11 1
-11 13
1 0 11
2
-10 -19
-10 7
1 0 10
3
-9 -48
-9 -46
-9 17
1 0 9
2
-7 5
-5 -12
-8.5 -1 -54.5
2
-3 33
-1 -20
-26.5 -1 -46.5
2
2 -12
4 -42
-15 -1 18
2
4 -6
6 9
7.5 -1 -36
2
6 14
7 -30
-44 -1 278
3
8 27
8 31
9 43
14 -1 -83
2
10 46
12 -15
-30.5 -1 351
3
14 -32
14 23
14 36
1 0 -14
3
15 31
15 32
15 47
1 0 -15
2
16 -9
16 30
1 0 -16
2
17 15
18 48
33 -1 -546
2
19 -50
19 39
1 0 -19
2
20 6
20 18
1 0 -20
3
21 -20
21 26
21 50
1 0 -21
2
22 -37
22 -10
1 0 -22
2
23 16
25 -49
-32.5 -1 763.5
2
25 -3
28 -30
-9 -1 222
3
28 -28
29 -5
31 44
24.0714 -1 -702.429
2
33 10
35 -3
-6.5 -1 224.5
2
35 8
37 -30
-19 -1 673
2
37 7
38 1
-6 -1 229
2
40 -7
41 23
30 -1 -1207
2
42 -14
42 29
1 0 -42
2
44 -35
45 6
41 -1 -1839
2
46 45
49 -48
-31 -1 1471
